10.jpg -0.047511 -0.012323 -0.998795 0.999899 0.010042 0.010087 -0.010048 0.999949 0.000556 -0.010081 -0.000658 0.999949
20.jpg -0.955741 0.059354 0.288159 0.999898 -0.000709 0.014241 0.000644 0.999989 0.004577 -0.014244 -0.004568 0.999888
30.jpg -0.473315 -0.166687 0.864979 0.999873 0.014628 0.006345 -0.014564 0.999843 -0.010069 -0.006491 0.009975 0.999929
40.jpg -0.880082 0.054314 -0.471705 0.999510 -0.017280 0.026094 0.018062 0.999386 -0.030027 -0.025559 0.030483 0.999208
50.jpg -0.268749 0.013731 -0.963112 0.999969 0.003731 0.006905 -0.003731 0.999993 0.000011 -0.006905 -0.000036 0.999976
60.jpg -0.171955 0.023244 -0.984831 0.999999 0.001517 -0.000781 -0.001517 0.999999 0.000597 0.000782 -0.000596 1.000000
70.jpg -0.059206 0.028640 -0.997835 0.999981 -0.003904 -0.004775 0.003907 0.999992 0.000595 0.004772 -0.000613 0.999988
80.jpg 0.133074 -0.006855 -0.991082 0.999787 -0.018418 -0.009362 0.018458 0.999821 0.004237 0.009282 -0.004409 0.999947
90.jpg 0.069184 0.232902 -0.970036 0.999830 -0.018336 -0.002168 0.018338 0.999831 0.000954 0.002150 -0.000994 0.999997
100.jpg 0.059543 -0.061004 0.996360 0.999999 -0.001507 -0.000454 0.001507 0.999999 0.000178 0.000454 -0.000179 1.000000
110.jpg 0.118157 0.011131 -0.992933 1.000000 0.000515 0.000441 -0.000516 1.000000 0.000518 -0.000441 -0.000519 1.000000
120.jpg -0.127820 0.027022 -0.991429 0.999993 0.003407 0.001245 -0.003406 0.999994 -0.000347 -0.001246 0.000343 0.999999
130.jpg -0.218936 -0.047150 0.974599 1.000000 -0.000595 -0.000049 0.000595 1.000000 0.000129 0.000049 -0.000129 1.000000
140.jpg -0.073955 -0.025595 -0.996933 0.999990 0.003649 0.002747 -0.003652 0.999993 0.001120 -0.002743 -0.001130 0.999996
150.jpg -0.899170 0.046103 -0.435164 0.999069 -0.013826 0.040855 0.015019 0.999465 -0.029048 -0.040432 0.029635 0.998743
160.jpg 1.000000 -0.000000 0.000000 1.000000 0.000000 -0.000000 -0.000000 1.000000 0.000000 0.000000 -0.000000 1.000000
170.jpg 0.070618 -0.127024 0.989383 0.999982 -0.005833 0.001546 0.005834 0.999983 -0.000116 -0.001545 0.000126 0.999999
180.jpg 0.068932 -0.002944 -0.997617 0.999999 -0.001096 -0.001253 0.001095 0.999999 -0.000167 0.001253 0.000166 0.999999
190.jpg 0.260787 -0.031465 -0.964883 0.999975 -0.006101 -0.003632 0.006109 0.999979 0.002363 0.003617 -0.002385 0.999991
200.jpg -0.033275 -0.038064 -0.998721 0.999987 0.004973 0.001507 -0.004972 0.999988 -0.000377 -0.001509 0.000370 0.999999
210.jpg -0.071733 -0.026238 -0.997079 0.999999 -0.001395 0.000127 0.001395 0.999999 -0.000124 -0.000127 0.000124 1.000000
220.jpg 0.038841 0.178748 -0.983128 0.999945 0.010311 -0.001753 -0.010314 0.999945 -0.001716 0.001735 0.001734 0.999997
230.jpg 0.215514 0.078592 -0.973333 0.999961 0.008759 -0.001327 -0.008763 0.999958 -0.002679 0.001303 0.002690 0.999996
240.jpg -0.131067 -0.137807 -0.981749 0.999998 0.001223 0.001344 -0.001225 0.999999 0.001081 -0.001342 -0.001083 0.999999
250.jpg -0.215679 -0.045829 -0.975388 0.999932 -0.011660 0.000541 0.011662 0.999929 -0.002543 -0.000511 0.002549 0.999997
260.jpg 0.012550 -0.036223 -0.999265 0.999981 -0.005799 -0.002233 0.005800 0.999983 0.000499 0.002230 -0.000512 0.999997
270.jpg 1.000000 0.000000 -0.000000 1.000000 0.000000 -0.000000 -0.000000 1.000000 0.000000 0.000000 0.000000 1.000000
280.jpg -0.960060 0.001662 -0.279790 0.999670 -0.006584 0.024839 0.007018 0.999824 -0.017425 -0.024719 0.017594 0.999540
290.jpg 0.100676 0.168823 -0.980491 0.999938 0.010915 -0.002217 -0.010919 0.999939 -0.001773 0.002197 0.001797 0.999996
300.jpg 0.399679 0.184324 -0.897932 0.999981 -0.004723 -0.003883 0.004731 0.999987 0.002092 0.003873 -0.002111 0.999990
310.jpg 0.140868 -0.068099 -0.987683 0.999988 -0.004507 -0.001773 0.004509 0.999989 0.001616 0.001766 -0.001624 0.999997
320.jpg 0.130288 0.115661 -0.984707 0.999391 -0.034881 0.000136 0.034880 0.999375 0.005812 -0.000338 -0.005804 0.999983
330.jpg 0.214724 0.042601 -0.975745 0.999997 0.000263 -0.002301 -0.000266 0.999999 -0.001414 0.002300 0.001415 0.999996
340.jpg -0.125853 0.042843 -0.991123 0.999990 -0.004530 -0.000281 0.004530 0.999990 -0.000526 0.000283 0.000524 1.000000
350.jpg -0.090595 0.069375 -0.993469 0.999995 -0.003084 0.000388 0.003084 0.999995 -0.000084 -0.000388 0.000085 1.000000
360.jpg -0.077123 0.066315 -0.994814 0.999999 0.001562 0.000189 -0.001561 0.999998 -0.001073 -0.000191 0.001072 0.999999
370.jpg 0.234084 0.037876 -0.971478 0.999980 -0.005757 -0.002515 0.005758 0.999983 0.000302 0.002513 -0.000316 0.999997
380.jpg 0.032575 -0.118200 0.992455 0.999904 -0.013728 0.001609 0.013730 0.999905 -0.001532 -0.001588 0.001554 0.999998
390.jpg -0.028685 0.076115 -0.996686 0.999979 -0.006501 0.000033 0.006501 0.999977 -0.001914 -0.000021 0.001914 0.999998
400.jpg 0.090486 -0.063004 0.993903 0.999975 0.006892 0.001256 -0.006891 0.999976 -0.000736 -0.001261 0.000727 0.999999
410.jpg -0.103387 -0.480560 -0.870846 0.999961 0.003644 0.008005 -0.003812 0.999770 0.021109 -0.007926 -0.021139 0.999745
420.jpg -0.016926 -0.096606 0.995179 0.999850 -0.017332 0.000692 0.017332 0.999850 -0.000701 -0.000680 0.000713 1.000000
430.jpg -0.041728 0.160348 0.986178 0.999989 -0.004687 -0.000491 0.004686 0.999989 -0.000706 0.000494 0.000704 1.000000
440.jpg -0.115712 0.063125 -0.991275 0.999994 0.003259 0.001190 -0.003259 0.999995 0.000244 -0.001189 -0.000248 0.999999
450.jpg 0.036401 0.014536 -0.999232 0.999934 -0.011478 -0.000378 0.011478 0.999934 0.000315 0.000374 -0.000319 1.000000
460.jpg -1.000000 -0.000000 0.000000 1.000000 0.000000 -0.000000 -0.000000 1.000000 -0.000000 0.000000 0.000000 1.000000
470.jpg -0.159067 -0.007696 -0.987238 0.999994 0.002865 0.001983 -0.002866 0.999996 0.000108 -0.001983 -0.000113 0.999998
480.jpg -0.323399 0.042458 -0.945310 0.999458 -0.032869 0.001563 0.032883 0.999406 -0.010292 -0.001224 0.010337 0.999946
490.jpg 0.000217 -0.003493 -0.999994 0.999981 0.006228 0.000142 -0.006228 0.999980 0.000663 -0.000138 -0.000664 1.000000
500.jpg -0.193915 0.142770 -0.970574 0.999978 -0.006101 0.002607 0.006114 0.999969 -0.005018 -0.002576 0.005034 0.999984
510.jpg -0.043152 0.032456 -0.998541 0.999961 0.008778 0.000274 -0.008778 0.999961 -0.000925 -0.000282 0.000923 1.000000
520.jpg 0.397592 0.227343 -0.888952 0.999942 0.010568 -0.001831 -0.010583 0.999907 -0.008584 0.001740 0.008602 0.999961
530.jpg -0.425150 -0.041656 -0.904164 0.999903 0.008429 0.011107 -0.008485 0.999951 0.005014 -0.011064 -0.005107 0.999926
540.jpg -0.330270 0.048852 -0.942621 0.999160 -0.040987 -0.000579 0.040975 0.999065 -0.013766 0.001143 0.013730 0.999905
550.jpg -0.233428 0.106988 -0.966470 0.999990 0.003056 0.003397 -0.003051 0.999994 -0.001420 -0.003402 0.001410 0.999993
560.jpg -0.150844 0.081651 -0.985180 1.000000 0.000414 -0.000698 -0.000415 0.999998 -0.001900 0.000697 0.001900 0.999998
570.jpg -0.171516 0.098107 -0.980284 0.999998 0.000935 0.001815 -0.000932 0.999998 -0.001473 -0.001816 0.001472 0.999997
580.jpg -0.114310 0.059609 -0.991655 0.999996 -0.002871 0.000752 0.002872 0.999995 -0.001325 -0.000748 0.001327 0.999999
590.jpg -0.167557 0.096021 -0.981175 0.999989 -0.004569 0.000571 0.004570 0.999988 -0.001543 -0.000564 0.001546 0.999999
600.jpg -0.102445 0.131128 -0.986058 0.999976 0.006897 0.001020 -0.006893 0.999970 -0.003490 -0.001044 0.003483 0.999993
610.jpg -0.165205 0.116585 -0.979344 0.999999 0.000159 0.001073 -0.000158 0.999999 -0.001009 -0.001073 0.001009 0.999999
620.jpg 0.119064 0.086633 -0.989100 0.999935 -0.011360 -0.001389 0.011363 0.999933 0.001989 0.001367 -0.002005 0.999997
630.jpg -0.194053 0.034123 -0.980397 0.999996 -0.001799 0.001987 0.001801 0.999998 -0.001002 -0.001985 0.001006 0.999998
640.jpg -0.039768 -0.026385 -0.998861 0.999947 -0.010175 -0.001781 0.010175 0.999948 -0.000150 0.001782 0.000132 0.999998
650.jpg -0.131938 0.101328 -0.986065 0.999998 -0.001722 0.001011 0.001725 0.999995 -0.002652 -0.001006 0.002654 0.999996
660.jpg -0.243705 0.134150 -0.960527 0.999994 0.001664 0.003128 -0.001655 0.999995 -0.002779 -0.003132 0.002774 0.999991
670.jpg -0.127231 0.085869 -0.988149 0.999991 -0.004047 0.001333 0.004050 0.999988 -0.002654 -0.001323 0.002659 0.999996
680.jpg -0.093917 0.087693 -0.991710 0.999978 0.006531 0.001296 -0.006530 0.999978 -0.000841 -0.001301 0.000832 0.999999
690.jpg -0.209144 0.054282 -0.976377 0.999889 0.013978 0.005145 -0.013983 0.999902 0.000880 -0.005132 -0.000952 0.999986
700.jpg 0.270896 0.044502 -0.961579 0.999992 -0.003475 -0.001737 0.003477 0.999993 0.001011 0.001733 -0.001017 0.999998
710.jpg -0.134879 0.116442 -0.983996 0.999982 -0.005747 0.001723 0.005751 0.999981 -0.002308 -0.001710 0.002318 0.999996
720.jpg -0.095652 0.033213 -0.994861 0.999992 -0.003531 0.002046 0.003531 0.999994 -0.000167 -0.002045 0.000174 0.999998
730.jpg -0.195659 0.085385 -0.976948 0.999988 0.003654 0.003149 -0.003650 0.999992 -0.001313 -0.003154 0.001301 0.999994
740.jpg -0.036549 0.085945 -0.995629 0.999990 -0.004284 0.000829 0.004286 0.999987 -0.002681 -0.000817 0.002685 0.999996
750.jpg -0.566454 0.018801 -0.823879 0.999679 0.001067 0.025332 -0.001058 0.999999 -0.000391 -0.025332 0.000364 0.999679
760.jpg -0.291916 0.063518 -0.954332 0.999935 0.009129 0.006895 -0.009133 0.999958 0.000593 -0.006889 -0.000656 0.999976
770.jpg -0.314069 0.086886 -0.945416 0.999948 0.007382 0.007071 -0.007383 0.999973 -0.000011 -0.007071 -0.000042 0.999975
780.jpg -0.216385 -0.021048 -0.976081 0.999958 -0.008859 0.002168 0.008864 0.999958 -0.002335 -0.002147 0.002354 0.999995
790.jpg -0.222145 -0.026957 -0.974641 0.999931 -0.011507 0.002275 0.011513 0.999930 -0.002722 -0.002244 0.002748 0.999994
800.jpg 0.241261 0.193608 -0.950952 0.999115 0.041519 -0.006772 -0.041580 0.999094 -0.009063 0.006389 0.009337 0.999936
810.jpg -0.155131 0.154444 -0.975747 0.999990 0.003123 0.003136 -0.003121 0.999995 -0.000626 -0.003138 0.000616 0.999995
820.jpg -0.059171 -0.406419 0.911769 0.999995 0.002464 0.002175 -0.002474 0.999986 0.004578 -0.002164 -0.004583 0.999987
830.jpg -0.248068 0.057150 -0.967055 0.999962 -0.008471 0.002260 0.008478 0.999960 -0.002799 -0.002236 0.002818 0.999994
840.jpg -0.088907 -0.019201 -0.995855 0.999980 -0.006313 0.000778 0.006313 0.999980 -0.000717 -0.000773 0.000722 0.999999
850.jpg -0.309155 0.046997 -0.949850 0.999974 0.004261 0.005814 -0.004260 0.999991 -0.000262 -0.005815 0.000237 0.999983
860.jpg -0.230748 0.015605 -0.972888 0.999792 0.018415 0.008800 -0.018441 0.999826 0.002902 -0.008745 -0.003064 0.999957
870.jpg -0.027423 0.134899 -0.990480 0.999989 -0.004527 0.001062 0.004529 0.999987 -0.002169 -0.001052 0.002174 0.999997
880.jpg -0.255712 -0.032679 -0.966201 0.999972 -0.006950 0.002816 0.006953 0.999975 -0.001074 -0.002809 0.001094 0.999995
890.jpg -0.248821 0.127715 -0.960092 0.999996 -0.001507 0.002516 0.001516 0.999992 -0.003632 -0.002510 0.003635 0.999990
900.jpg -0.203688 0.157868 -0.966224 0.999950 0.008998 0.004386 -0.008997 0.999959 -0.000227 -0.004387 0.000187 0.999990
910.jpg -0.258488 -0.474375 -0.841518 0.999843 0.011633 0.013396 -0.012153 0.999149 0.039413 -0.012926 -0.039570 0.999133
920.jpg 0.198097 0.798790 0.568059 0.999966 -0.006088 0.005478 0.006174 0.999856 -0.015803 -0.005381 0.015836 0.999860
930.jpg 0.292162 0.509065 0.809626 0.999971 -0.007620 -0.000383 0.007612 0.999842 -0.016094 0.000506 0.016090 0.999870
940.jpg 0.289941 -0.045554 0.955960 0.999965 -0.008178 0.001993 0.008189 0.999950 -0.005680 -0.001947 0.005696 0.999982
950.jpg -0.282080 -0.492464 -0.823353 0.999950 -0.004254 0.009044 0.004198 0.999972 0.006158 -0.009070 -0.006120 0.999940
960.jpg -0.286871 0.151474 -0.945918 0.999980 -0.000271 0.006380 0.000288 0.999996 -0.002744 -0.006379 0.002745 0.999976
970.jpg -0.309514 -0.022604 -0.950626 0.999946 -0.009399 0.004537 0.009409 0.999953 -0.002125 -0.004517 0.002167 0.999987
980.jpg -0.304386 0.076472 -0.949474 0.999987 -0.002806 0.004303 0.002823 0.999988 -0.003928 -0.004292 0.003941 0.999983
990.jpg 0.271467 0.192331 0.943035 0.999962 -0.008330 0.002509 0.008346 0.999943 -0.006666 -0.002453 0.006687 0.999975
1000.jpg 0.285344 -0.312522 0.906040 0.999937 0.010086 0.004912 -0.010081 0.999949 -0.000872 -0.004921 0.000823 0.999988
1010.jpg -0.322794 0.166272 -0.931750 0.999973 -0.004154 0.006137 0.004183 0.999980 -0.004691 -0.006118 0.004716 0.999970
1020.jpg -0.337064 0.158946 -0.927968 0.999961 -0.006458 0.006081 0.006487 0.999968 -0.004711 -0.006050 0.004750 0.999970
1030.jpg -0.334354 0.075630 -0.939408 0.999888 -0.014752 0.002661 0.014769 0.999872 -0.006155 -0.002569 0.006194 0.999978
1040.jpg 0.261481 -0.313897 0.912741 0.999980 0.000769 0.006348 -0.000743 0.999991 -0.004064 -0.006351 0.004059 0.999972
1050.jpg -0.147088 0.127954 -0.980812 0.999953 -0.009315 0.002523 0.009325 0.999949 -0.003983 -0.002486 0.004006 0.999989
1060.jpg 0.122085 0.015818 -0.992394 0.999996 0.002667 0.000005 -0.002667 0.999996 -0.000348 -0.000006 0.000347 1.000000
1070.jpg 0.061807 0.240223 0.968748 0.999982 -0.006053 0.000545 0.006053 0.999982 0.000021 -0.000545 -0.000018 1.000000
1080.jpg 0.320317 0.622346 0.714200 0.999934 -0.011364 0.001848 0.011389 0.999841 -0.013757 -0.001691 0.013777 0.999904
1090.jpg -0.350486 0.128424 -0.927721 0.999968 0.000064 0.007941 -0.000035 0.999993 -0.003613 -0.007941 0.003613 0.999962
